6416299
5219881
5355553
7924986
9813887
7821872
5798558
05151010081024
16101510090220
0011001
0010101
1010010
0001001
0110000
0010000
0100011
*
5692976
3174125
9282623
5838689
2559493
1185155
4655862
06162719010813
15090619161312
0010001
0110100
0101010
0111000
1101000
0010001
1000011
*
6222414
3374689
9862373
7986713
5792196
3713152
3188888
09191604080111
03102015090209
0001010
0110000
1100001
0010100
0101000
0010100
0100001
*
49     
73  3  
9    3 
     29
3 6   9
 2    1
 2 4  9
              
              
1100000
1100100
1000010
0000011
1010001
0100001
0101001
*
